1 4.179924564742493187e-01 3.441119252755281410e-01
2 5.893815561138715520e-02 6.795302883652539760e-01
3 4.784590047029411153e-01 5.381499589254157279e-02
4 5.211594296883900190e-01 8.066037608804467185e-01
5 5.806320199484605871e-01 6.029501879313505786e-01
6 3.091989979348186424e-01 6.552131835038437213e-01
7 9.198826252545819759e-01 7.476597889282088349e-01
8 6.553475030164537252e-01 5.356261761284698553e-01
9 3.492413849207449683e-01 1.091564818399735071e-01
10 5.410940445399985421e-01 4.961962866529807670e-01
11 4.490533956886093581e-01 1.723426276209378827e-01
12 2.823209606253457293e-01 6.839891964077760012e-01
13 2.958765252205050045e-01 5.298252112514997281e-01
14 5.634809826131318422e-01 6.252242659304493300e-01
15 7.151912790861654212e-01 3.151430227027559594e-01
16 5.176186770719936048e-01 4.915106394415269531e-01
17 3.520418285904083344e-01 8.201420385192299545e-01
18 6.327788586249427638e-01 1.326204556352319486e-01
19 8.731190201719776223e-01 1.213094822729351430e-01
20 1.678884446672987973e-01 4.462149309981606748e-01
21 9.874783222814236261e-01 4.093413656794342437e-02
22 3.494149296248078018e-01 3.005167089028528693e-01
23 8.262051275325252853e-01 4.093904125930584170e-01
24 6.546154192348774270e-02 3.725193910445782075e-01
25 5.353288386336307880e-03 3.399701713068946640e-01
26 8.869446475106215200e-01 8.125700841807187436e-01
27 9.113181348723439212e-01 5.282055260711114864e-01
28 1.994077719250820779e-01 5.538271069939837421e-01
29 2.755138499186016166e-02 1.172068378695058088e-01
30 8.173349196283834495e-01 7.846048175419012560e-01
31 2.418276188448349462e-01 4.345861850320213993e-01
32 5.608301205494992114e-02 7.722272796212248380e-02
33 6.756083483640840104e-02 1.818115298592206663e-01
34 4.738718550045948330e-01 5.210108754262660069e-01
35 5.094292614503131977e-01 4.793341706829563620e-01
36 4.167951398245796080e-01 3.135424911895597910e-01
37 2.558429303708921188e-01 9.966920911406218497e-02
38 3.815121067012687828e-01 5.965526641029736954e-01
39 8.073844371810401377e-01 2.481698873890019197e-01
40 8.110391369949028206e-01 6.043401637345646726e-01
41 6.861868598049114532e-01 3.051136464664323533e-01
42 9.926136260126640076e-01 8.973049386665742366e-01
43 4.051851787521851822e-01 5.820153278670779917e-01
44 1.901737203066977688e-01 7.124924261178847695e-01
45 4.881744897950945905e-01 6.836154748906183576e-01
46 5.023696474456136318e-01 9.466208966466959085e-01
47 4.033548194194426229e-01 9.132312556125656844e-01
48 1.810954245791910333e-01 5.125490950100941578e-02
49 4.802980098944964471e-02 3.803154831189560214e-01
50 6.046913457337170783e-01 5.638565420585368582e-01
